5.292267999120042077e+04
3.819402723555389093e+04
2.804610309566948126e+04
2.019470238018102827e+04
1.250643087450780149e+04
9.628921427014935034e+03
9.401570325385720935e+03
8.159413084267103841e+03
6.815300349718761936e+03
5.395621007649858257e+03
4.977114623288077382e+03
4.585816224957723534e+03
4.026363810527926944e+03
3.668734076636518239e+03
3.200353764254419275e+03
3.126585848299510417e+03
2.603052879133556871e+03
2.345895853097842064e+03
2.179790933094144748e+03
1.904641603663189926e+03
1.857087108440716975e+03
1.512628024085837978e+03
1.284358466889818828e+03
1.158907611835672242e+03
1.030213101522989973e+03
9.627777450861019588e+02
8.305393182770865224e+02
7.997619709816168552e+02
7.335612700503712631e+02
6.202488749087636961e+02
5.741051197799462216e+02
5.405260273849905843e+02
4.876171268790334921e+02
4.790024377172356935e+02
3.831692706052734252e+02
3.617556368586750750e+02
3.000812614242005907e+02
2.601138977504577383e+02
2.364276634025642352e+02
2.067085689462515745e+02
1.874179794092215730e+02
1.571582453267085668e+02
1.404245488442445264e+02
1.353658653158920231e+02
8.513477279345309512e+01
7.861191156449659445e+01
6.896371503834174632e+01
4.776281825864973030e+01
